0.00 0.0018
0.01 0.0052
0.02 0.0101
0.03 0.0164
0.04 0.0239
0.05 0.0326
0.06 0.0423
0.07 0.0529
0.08 0.0644
0.09 0.0766
0.10 0.0895
0.11 0.1031
0.12 0.1172
0.13 0.1319
0.14 0.1471
0.15 0.1627
0.16 0.1787
0.17 0.195
0.18 0.2117
0.19 0.2287
0.20 0.2459
0.21 0.2634
0.22 0.2811
0.23 0.299
0.24 0.3171
0.25 0.3354
0.26 0.3538
0.27 0.3724
0.28 0.3911
0.29 0.4099
0.30 0.4288
0.31 0.4478
0.32 0.4669
0.33 0.4861
0.34 0.5053
0.35 0.5246
0.36 0.5439
0.37 0.5633
0.38 0.5828
0.39 0.6023
0.40 0.6218
0.41 0.6414
0.42 0.661
0.43 0.6806
0.44 0.7003
0.45 0.72
0.46 0.7397
0.47 0.7594
0.48 0.7791
0.49 0.7989
0.50 0.8187
0.51 0.8385
0.52 0.8583
0.53 0.8781
0.54 0.8979
0.55 0.9177
0.56 0.9375
0.57 0.9574
0.58 0.9773
0.59 0.9972
0.60 1.0171
0.61 1.037
0.62 1.0569
0.63 1.0768
0.64 1.0967
0.65 1.1166
0.66 1.1365
0.67 1.1564
0.68 1.1763
0.69 1.1962
0.70 1.2161
0.71 1.236
0.72 1.2559
0.73 1.2758
0.74 1.2957
0.75 1.3156
0.76 1.3355
0.77 1.3554
0.78 1.3753
0.79 1.3952
0.80 1.4151
0.81 1.435
0.82 1.4549
0.83 1.4748
0.84 1.4947
0.85 1.5146
0.86 1.5345
0.87 1.5544
0.88 1.5743
0.89 1.5942
0.90 1.6141
0.91 1.634
0.92 1.6539
0.93 1.6738
0.94 1.6937
0.95 1.7136
0.96 1.7335
0.97 1.7534
0.98 1.7733
0.99 1.7932
1.00 1.8131
1.01 1.833
1.02 1.8529
1.03 1.8728
1.04 1.8927
1.05 1.9126
1.06 1.9325
1.07 1.9524
1.08 1.9723
1.09 1.9922
1.10 2.0121
1.11 2.032
1.12 2.0519
1.13 2.0718
1.14 2.0917
1.15 2.1116
1.16 2.1315
1.17 2.1514
1.18 2.1713
1.19 2.1912
1.20 2.2111
1.21 2.231
1.22 2.2509
1.23 2.2708
1.24 2.2907
1.25 2.3106
1.26 2.3305
1.27 2.3504
1.28 2.3703
1.29 2.3902
1.30 2.4101
1.31 2.43
1.32 2.4499
1.33 2.4698
1.34 2.4897
1.35 2.5096
1.36 2.5295
1.37 2.5494
1.38 2.5693
1.39 2.5892
1.40 2.6091
1.41 2.629
1.42 2.6489
1.43 2.6688
1.44 2.6887
1.45 2.7086
1.46 2.7285
1.47 2.7484
1.48 2.7683
1.49 2.7882
1.50 2.8081
1.51 2.828
1.52 2.8479
1.53 2.8678
1.54 2.8877
1.55 2.9076
1.56 2.9275
1.57 2.9474
1.58 2.9673
1.59 2.9872
1.60 3.0071
1.61 3.027
1.62 3.0469
1.63 3.0668
1.64 3.0867
1.65 3.1066
1.66 3.1265
1.67 3.1464
1.68 3.1663
1.69 3.1862
1.70 3.2061
1.71 3.226
1.72 3.2459
1.73 3.2658
1.74 3.2857
1.75 3.3056
1.76 3.3255
1.77 3.3454
1.78 3.3653
1.79 3.3852
1.80 3.4051
1.81 3.425
1.82 3.4449
1.83 3.4648
1.84 3.4847
1.85 3.5046
1.86 3.5245
1.87 3.5444
1.88 3.5643
1.89 3.5842
1.90 3.6041
1.91 3.624
1.92 3.6439
1.93 3.6638
1.94 3.6837
1.95 3.7036
1.96 3.7235
1.97 3.7434
1.98 3.7633
1.99 3.7832
2.00 3.8031
2.01 3.823
2.02 3.8429
2.03 3.8628
2.04 3.8827
2.05 3.9026
2.06 3.9225
2.07 3.9424
2.08 3.9623
2.09 3.9822
2.10 4.0021
2.11 4.022
2.12 4.0419
2.13 4.0618
2.14 4.0817
2.15 4.1016
2.16 4.1215
2.17 4.1414
2.18 4.1613
2.19 4.1812
2.20 4.2011
2.21 4.221
2.22 4.2409
2.23 4.2608
2.24 4.2807
2.25 4.3006
2.26 4.3205
2.27 4.3404
2.28 4.3603
2.29 4.3802
2.30 4.4001
2.31 4.42
2.32 4.4399
2.33 4.4598
2.34 4.4797
2.35 4.4996
2.36 4.5195
2.37 4.5394
2.38 4.5593
2.39 4.5792
2.40 4.5991
2.41 4.619
2.42 4.6389
2.43 4.6588
2.44 4.6787
2.45 4.6986
2.46 4.7185
2.47 4.7384
2.48 4.7583
2.49 4.7782
2.50 4.7981
2.51 4.818
2.52 4.8379
2.53 4.8578
2.54 4.8777
2.55 4.8976
2.56 4.9175
2.57 4.9374
2.58 4.9573
2.59 4.9772
2.60 4.9971
2.61 5.017
2.62 5.0369
2.63 5.0568
2.64 5.0767
2.65 5.0966
2.66 5.1165
2.67 5.1364
2.68 5.1563
2.69 5.1762
2.70 5.1961
2.71 5.216
2.72 5.2359
2.73 5.2558
2.74 5.2757
2.75 5.2956
2.76 5.3155
2.77 5.3354
2.78 5.3553
2.79 5.3752
2.80 5.3951
2.81 5.415
2.82 5.4349
2.83 5.4548
2.84 5.4747
2.85 5.4946
2.86 5.5145
2.87 5.5344
2.88 5.5543
2.89 5.5742
2.90 5.5941
2.91 5.614
2.92 5.6339
2.93 5.6538
2.94 5.6737
2.95 5.6936
2.96 5.7135
2.97 5.7334
2.98 5.7533
2.99 5.7732
3.00 5.7931
3.01 5.813
3.02 5.8329
3.03 5.8528
3.04 5.8727
3.05 5.8926
3.06 5.9125
3.07 5.9324
3.08 5.9523
3.09 5.9722
3.10 5.9921
3.11 6.012
3.12 6.0319
3.13 6.0518
3.14 6.0717
3.15 6.0916
3.16 6.1115
3.17 6.1314
3.18 6.1513
3.19 6.1712
3.20 6.1911
3.21 6.211
3.22 6.2309
3.23 6.2508
3.24 6.2707
3.25 6.2906
3.26 6.3105
3.27 6.3304
3.28 6.3503
3.29 6.3702
3.30 6.3901
3.31 6.41
3.32 6.4299
3.33 6.4498
3.34 6.4697
3.35 6.4896
3.36 6.5095
3.37 6.5294
3.38 6.5493
3.39 6.5692
3.40 6.5891
3.41 6.609
3.42 6.6289
3.43 6.6488
3.44 6.6687
3.45 6.6886
3.46 6.7085
3.47 6.7284
3.48 6.7483
3.49 6.7682
3.50 6.7881
3.51 6.808
3.52 6.8279
3.53 6.8478
3.54 6.8677
3.55 6.8876
3.56 6.9075
3.57 6.9274
3.58 6.9473
3.59 6.9672
3.60 6.9871
3.61 7.007
3.62 7.0269
3.63 7.0468
3.64 7.0667
3.65 7.0866
3.66 7.1065
3.67 7.1264
3.68 7.1463
3.69 7.1662
3.70 7.1861
3.71 7.206
3.72 7.2259
3.73 7.2458
3.74 7.2657
3.75 7.2856
3.76 7.3055
3.77 7.3254
3.78 7.3453
3.79 7.3652
3.80 7.3851
3.81 7.405
3.82 7.4249
3.83 7.4448
3.84 7.4647
3.85 7.4846
3.86 7.5045
3.87 7.5244
3.88 7.5443
3.89 7.5642
3.90 7.5841
3.91 7.604
3.92 7.6239
3.93 7.6438
3.94 7.6637
3.95 7.6836
3.96 7.7035
3.97 7.7234
3.98 7.7433
3.99 7.7632
4.00 7.7831
4.01 7.803
4.02 7.8229
4.03 7.8428
4.04 7.8627
4.05 7.8826
4.06 7.9025
4.07 7.9224
4.08 7.9423
4.09 7.9622
4.10 7.9821
4.11 8.002
4.12 8.0219
4.13 8.0418
4.14 8.0617
4.15 8.0816
4.16 8.1015
4.17 8.1214
4.18 8.1413
4.19 8.1612
4.20 8.1811
4.21 8.201
4.22 8.2209
4.23 8.2408
4.24 8.2607
4.25 8.2806
4.26 8.3005
4.27 8.3204
4.28 8.3403
4.29 8.3602
4.30 8.3801
4.31 8.4
4.32 8.4199
4.33 8.4398
4.34 8.4597
4.35 8.4796
4.36 8.4995
4.37 8.5194
4.38 8.5393
4.39 8.5592
4.40 8.5791
4.41 8.599
4.42 8.6189
4.43 8.6388
4.44 8.6587
4.45 8.6786
4.46 8.6985
4.47 8.7184
4.48 8.7383
4.49 8.7582
4.50 8.7781
4.51 8.798
4.52 8.8179
4.53 8.8378
4.54 8.8577
4.55 8.8776
4.56 8.8975
4.57 8.9174
4.58 8.9373
4.59 8.9572
4.60 8.9771
4.61 8.997
4.62 9.0169
4.63 9.0368
4.64 9.0567
4.65 9.0766
4.66 9.0965
4.67 9.1164
4.68 9.1363
4.69 9.1562
4.70 9.1761
4.71 9.196
4.72 9.2159
4.73 9.2358
4.74 9.2557
4.75 9.2756
4.76 9.2955
4.77 9.3154
4.78 9.3353
4.79 9.3552
4.80 9.3751
4.81 9.395
4.82 9.4149
4.83 9.4348
4.84 9.4547
4.85 9.4746
4.86 9.4945
4.87 9.5144
4.88 9.5343
4.89 9.5542
4.90 9.5741
4.91 9.594
4.92 9.6139
4.93 9.6338
4.94 9.6537
4.95 9.6736
4.96 9.6935
4.97 9.7134
4.98 9.7333
4.99 9.7532
5.00 9.7731
5.01 9.793
5.02 9.8129
5.03 9.8328
5.04 9.8527
5.05 9.8726
5.06 9.8925
5.07 9.9124
5.08 9.9323
5.09 9.9522
5.10 9.9721
5.11 9.992
5.12 10.0119
5.13 10.0318
5.14 10.0517
5.15 10.0716
5.16 10.0915
5.17 10.1114
5.18 10.1313
5.19 10.1512
5.20 10.1711
5.21 10.191
5.22 10.2109
5.23 10.2308
5.24 10.2507
5.25 10.2706
5.26 10.2905
5.27 10.3104
5.28 10.3303
5.29 10.3502
5.30 10.3701
5.31 10.39
5.32 10.4099
5.33 10.4298
5.34 10.4497
5.35 10.4696
5.36 10.4895
5.37 10.5094
5.38 10.5293
5.39 10.5492
5.40 10.5691
5.41 10.589
5.42 10.6089
5.43 10.6288
5.44 10.6487
5.45 10.6686
5.46 10.6885
5.47 10.7084
5.48 10.7283
5.49 10.7482
5.50 10.7681
5.51 10.788
5.52 10.8079
5.53 10.8278
5.54 10.8477
5.55 10.8676
5.56 10.8875
5.57 10.9074
5.58 10.9273
5.59 10.9472
5.60 10.9671
5.61 10.987
5.62 11.0069
5.63 11.0268
5.64 11.0467
5.65 11.0666
5.66 11.0865
5.67 11.1064
5.68 11.1263
5.69 11.1462
5.70 11.1661
5.71 11.186
5.72 11.2059
5.73 11.2258
5.74 11.2457
5.75 11.2656
5.76 11.2855
5.77 11.3054
5.78 11.3253
5.79 11.3452
5.80 11.3651
5.81 11.385
5.82 11.4049
5.83 11.4248
5.84 11.4447
5.85 11.4646
5.86 11.4845
5.87 11.5044
5.88 11.5243
5.89 11.5442
5.90 11.5641
5.91 11.584
5.92 11.6039
5.93 11.6238
5.94 11.6437
5.95 11.6636
5.96 11.6835
5.97 11.7034
5.98 11.7233
5.99 11.7432
6.00 11.7631
6.01 11.783
6.02 11.8029
6.03 11.8228
6.04 11.8427
6.05 11.8626
6.06 11.8825
6.07 11.9024
6.08 11.9223
6.09 11.9422
6.10 11.9621
6.11 11.982
6.12 12.0019
6.13 12.0218
6.14 12.0417
6.15 12.0616
6.16 12.0815
6.17 12.1014
6.18 12.1213
6.19 12.1412
6.20 12.1611
6.21 12.181
6.22 12.2009
6.23 12.2208
6.24 12.2407
6.25 12.2606
6.26 12.2805
6.27 12.3004
6.28 12.3203
6.29 12.3402
6.30 12.3601
6.31 12.38
6.32 12.3999
6.33 12.4198
6.34 12.4397
6.35 12.4596
6.36 12.4795
6.37 12.4994
6.38 12.5193
6.39 12.5392
6.40 12.5591
6.41 12.579
6.42 12.5989
6.43 12.6188
6.44 12.6387
6.45 12.6586
6.46 12.6785
6.47 12.6984
6.48 12.7183
6.49 12.7382
6.50 12.7581
6.51 12.778
6.52 12.7979
6.53 12.8178
6.54 12.8377
6.55 12.8576
6.56 12.8775
6.57 12.8974
6.58 12.9173
6.59 12.9372
6.60 12.9571
6.61 12.977
6.62 12.9969
6.63 13.0168
6.64 13.0367
6.65 13.0566
6.66 13.0765
6.67 13.0964
6.68 13.1163
6.69 13.1362
6.70 13.1561
6.71 13.176
6.72 13.1959
6.73 13.2158
6.74 13.2357
6.75 13.2556
6.76 13.2755
6.77 13.2954
6.78 13.3153
6.79 13.3352
6.80 13.3551
6.81 13.375
6.82 13.3949
6.83 13.4148
6.84 13.4347
6.85 13.4546
6.86 13.4745
6.87 13.4944
6.88 13.5143
6.89 13.5342
6.90 13.5541
6.91 13.574
6.92 13.5939
6.93 13.6138
6.94 13.6337
6.95 13.6536
6.96 13.6735
6.97 13.6934
6.98 13.7133
6.99 13.7332
7.00 13.7531
7.01 13.773
7.02 13.7929
7.03 13.8128
7.04 13.8327
7.05 13.8526
7.06 13.8725
7.07 13.8924
7.08 13.9123
7.09 13.9322
7.10 13.9521
7.11 13.972
7.12 13.9919
7.13 14.0118
7.14 14.0317
7.15 14.0516
7.16 14.0715
7.17 14.0914
7.18 14.1113
7.19 14.1312
7.20 14.1511
7.21 14.171
7.22 14.1909
7.23 14.2108
7.24 14.2307
7.25 14.2506
7.26 14.2705
7.27 14.2904
7.28 14.3103
7.29 14.3302
7.30 14.3501
7.31 14.37
7.32 14.3899
7.33 14.4098
7.34 14.4297
7.35 14.4496
7.36 14.4695
7.37 14.4894
7.38 14.5093
7.39 14.5292
7.40 14.5491
7.41 14.569
7.42 14.5889
7.43 14.6088
7.44 14.6287
7.45 14.6486
7.46 14.6685
7.47 14.6884
7.48 14.7083
7.49 14.7282
7.50 14.7481
7.51 14.768
7.52 14.7879
7.53 14.8078
7.54 14.8277
7.55 14.8476
7.56 14.8675
7.57 14.8874
7.58 14.9073
7.59 14.9272
7.60 14.9471
7.61 14.967
7.62 14.9869
7.63 15.0068
7.64 15.0267
7.65 15.0466
7.66 15.0665
7.67 15.0864
7.68 15.1063
7.69 15.1262
7.70 15.1461
7.71 15.166
7.72 15.1859
7.73 15.2058
7.74 15.2257
7.75 15.2456
7.76 15.2655
7.77 15.2854
7.78 15.3053
7.79 15.3252
7.80 15.3451
7.81 15.365
7.82 15.3849
7.83 15.4048
7.84 15.4247
7.85 15.4446
7.86 15.4645
7.87 15.4844
7.88 15.5043
7.89 15.5242
7.90 15.5441
7.91 15.564
7.92 15.5839
7.93 15.6038
7.94 15.6237
7.95 15.6436
7.96 15.6635
7.97 15.6834
7.98 15.7033
7.99 15.7232
8.00 15.7431
8.01 15.763
8.02 15.7829
8.03 15.8028
8.04 15.8227
8.05 15.8426
8.06 15.8625
8.07 15.8824
8.08 15.9023
8.09 15.9222
8.10 15.9421
8.11 15.962
8.12 15.9819
8.13 16.0018
8.14 16.0217
8.15 16.0416
8.16 16.0615
8.17 16.0814
8.18 16.1013
8.19 16.1212
8.20 16.1411
8.21 16.161
8.22 16.1809
8.23 16.2008
8.24 16.2207
8.25 16.2406
8.26 16.2605
8.27 16.2804
8.28 16.3003
8.29 16.3202
8.30 16.3401
8.31 16.36
8.32 16.3799
8.33 16.3998
8.34 16.4197
8.35 16.4396
8.36 16.4595
8.37 16.4794
8.38 16.4993
8.39 16.5192
8.40 16.5391
8.41 16.559
8.42 16.5789
8.43 16.5988
8.44 16.6187
8.45 16.6386
8.46 16.6585
8.47 16.6784
8.48 16.6983
8.49 16.7182
8.50 16.7381
8.51 16.758
8.52 16.7779
8.53 16.7978
8.54 16.8177
8.55 16.8376
8.56 16.8575
8.57 16.8774
8.58 16.8973
8.59 16.9172
8.60 16.9371
8.61 16.957
8.62 16.9769
8.63 16.9968
8.64 17.0167
8.65 17.0366
8.66 17.0565
8.67 17.0764
8.68 17.0963
8.69 17.1162
8.70 17.1361
8.71 17.156
8.72 17.1759
8.73 17.1958
8.74 17.2157
8.75 17.2356
8.76 17.2555
8.77 17.2754
8.78 17.2953
8.79 17.3152
8.80 17.3351
8.81 17.355
8.82 17.3749
8.83 17.3948
8.84 17.4147
8.85 17.4346
8.86 17.4545
8.87 17.4744
8.88 17.4943
8.89 17.5142
8.90 17.5341
8.91 17.554
8.92 17.5739
8.93 17.5938
8.94 17.6137
8.95 17.6336
8.96 17.6535
8.97 17.6734
8.98 17.6933
8.99 17.7132
9.00 17.7331
9.01 17.753
9.02 17.7729
9.03 17.7928
9.04 17.8127
9.05 17.8326
9.06 17.8525
9.07 17.8724
9.08 17.8923
9.09 17.9122
9.10 17.9321
9.11 17.952
9.12 17.9719
9.13 17.9918
9.14 18.0117
9.15 18.0316
9.16 18.0515
9.17 18.0714
9.18 18.0913
9.19 18.1112
9.20 18.1311
9.21 18.151
9.22 18.1709
9.23 18.1908
9.24 18.2107
9.25 18.2306
9.26 18.2505
9.27 18.2704
9.28 18.2903
9.29 18.3102
9.30 18.3301
9.31 18.35
9.32 18.3699
9.33 18.3898
9.34 18.4097
9.35 18.4296
9.36 18.4495
9.37 18.4694
9.38 18.4893
9.39 18.5092
9.40 18.5291
9.41 18.549
9.42 18.5689
9.43 18.5888
9.44 18.6087
9.45 18.6286
9.46 18.6485
9.47 18.6684
9.48 18.6883
9.49 18.7082
9.50 18.7281
9.51 18.748
9.52 18.7679
9.53 18.7878
9.54 18.8077
9.55 18.8276
9.56 18.8475
9.57 18.8674
9.58 18.8873
9.59 18.9072
9.60 18.9271
9.61 18.947
9.62 18.9669
9.63 18.9868
9.64 19.0067
9.65 19.0266
9.66 19.0465
9.67 19.0664
9.68 19.0863
9.69 19.1062
9.70 19.1261
9.71 19.146
9.72 19.1659
9.73 19.1858
9.74 19.2057
9.75 19.2256
9.76 19.2455
9.77 19.2654
9.78 19.2853
9.79 19.3052
9.80 19.3251
9.81 19.345
9.82 19.3649
9.83 19.3848
9.84 19.4047
9.85 19.4246
9.86 19.4445
9.87 19.4644
9.88 19.4843
9.89 19.5042
9.90 19.5241
9.91 19.544
9.92 19.5639
9.93 19.5838
9.94 19.6037
9.95 19.6236
9.96 19.6435
9.97 19.6634
9.98 19.6833
9.99 19.7032
